Optimized Parameters: 
 [ 1.44592400e+00  1.73314540e+00  1.11495448e+00  2.18980995e+00
  1.56681855e+00  1.58004925e+00  4.82839466e-01  7.45608216e-01
  1.34719896e+00  1.56133466e+00  1.46471956e-03  3.11304510e+00
 -2.33621119e-01  8.15991998e-01  3.69306724e-01  6.10461080e-01
  3.22796355e+00 -8.67231147e-03  2.89632345e-01  9.29820668e-01
 -3.71843155e-02 -1.33403646e+00  1.58922378e+00  1.58901257e+00] 

Mean Fidelity Train:  0.7433039650632786 

Mean Fidelity Test:  0.7741777559684594 

Training Time: 913.84 seconds" 

