Optimized Parameters: 
 [ 0.69553141  0.04341064  1.47772284  1.71842136  1.53355996  1.60752274
  1.74893151  0.92318868  2.39083115 -0.55377892 -0.09087951  0.10482054
  2.37864182  0.27190068  1.40532562  0.52395333  0.17291458 -0.0218351
  1.68091526  0.06196034  0.82883642  1.82280168  0.07709134  3.11820883
  0.77935956  0.06866265  1.68499977  0.01133719  1.52036664  1.57036942] 

Mean Fidelity Train:  0.7773578656714141 

Mean Fidelity Test:  0.8059241045352635 

Training Time: 1176.28 seconds" 

