Optimized Parameters: 
 [ 1.91520566 -0.12045889  0.20914606  0.0903347  -1.03228572  1.91784066
 -0.02808718  0.16107763  1.0939692   0.32897259  0.60674299  2.86871559
  1.22907172 -0.49315163  0.33519674 -0.23487767  0.86908576  0.2786343
  0.63076807  0.5352679   0.63553236  0.49858954  2.70427545  0.38455798
  0.91058691  0.7782005   0.53687946  0.20542797 -0.08090124  0.15024775
  0.54257483  1.11076996  0.88117843  1.28496057 -0.02307798  0.23188559
 -0.46440433  0.53590315 -0.31324307  0.42904155  1.40690359  1.52404437
 -0.52926287  1.34297297  1.18132349  0.94863614  0.93315491  0.08814299] 

Mean Fidelity Train:  0.6046093125543104 

Mean Fidelity Test:  0.5644279893664474 

Training Time: 1171.65 seconds" 

