Optimized Parameters: 
 [ 5.30260063e-01  2.55738897e-01  6.65808680e-01  2.10095147e-02
 -5.58428992e-02  2.52555714e-02  7.34592193e-01  5.86538018e-01
  2.04372327e-01  4.01827865e-01  1.77699034e+00  1.77702060e+00
  7.40549893e-01  1.01344919e+00  3.71683196e-01  2.98416410e-01
  2.77587721e-02  1.51498432e-03  8.48269466e-01  8.22478187e-01
  7.94021611e-01  2.50051080e-01  6.57909473e-01  9.72575243e-01] 

Mean Fidelity Train:  0.5599548354348285 

Mean Fidelity Test:  0.599620649489899 

Training Time: 1095.76 seconds" 

